"vdid","datacollecttime","status","vsrid","vsrdir","speed","laneoccupy","carid","volume"
"65000V005740","2016/08/08 04:49:00","3","1","0","-99","-99","L","-99"
"65000V005740","2016/08/08 04:49:00","3","1","0","-99","-99","S","-99"
"65000V005740","2016/08/08 04:49:00","3","0","0","-99","-99","L","-99"
"65000V005740","2016/08/08 04:49:00","3","0","0","-99","-99","S","-99"
"65000V005740","2016/08/08 04:49:00","3","2","0","-99","-99","L","-99"
"65000V005740","2016/08/08 04:49:00","3","2","0","-99","-99","S","-99"
"65000V005740","2016/08/08 04:49:00","3","5","1","-99","-99","L","-99"
"65000V005740","2016/08/08 04:49:00","3","5","1","-99","-99","S","-99"
"65000V005740","2016/08/08 04:49:00","3","4","1","-99","-99","L","-99"
"65000V005740","2016/08/08 04:49:00","3","4","1","-99","-99","S","-99"
"65000V005740","2016/08/08 04:49:00","3","3","1","-99","-99","L","-99"
"65000V005740","2016/08/08 04:49:00","3","3","1","-99","-99","S","-99"
"65000V006200","2016/08/08 04:49:00","0","2","0","0","0","L","0"
"65000V006200","2016/08/08 04:49:00","0","2","0","0","0","S","0"
"65000V006200","2016/08/08 04:49:00","0","0","0","30","1","L","1"
"65000V006200","2016/08/08 04:49:00","0","0","0","30","1","S","0"
"65000V006200","2016/08/08 04:49:00","0","1","0","66","1","L","0"
"65000V006200","2016/08/08 04:49:00","0","1","0","66","1","S","1"
"65000V008130","2016/08/08 04:49:00","3","1","0","-99","-99","L","-99"
"65000V008130","2016/08/08 04:49:00","3","1","0","-99","-99","S","-99"
"65000V008130","2016/08/08 04:49:00","3","0","0","-99","-99","L","-99"
"65000V008130","2016/08/08 04:49:00","3","0","0","-99","-99","S","-99"
"65000V008130","2016/08/08 04:49:00","3","2","1","-99","-99","L","-99"
"65000V008130","2016/08/08 04:49:00","3","2","1","-99","-99","S","-99"
"65000V008130","2016/08/08 04:49:00","3","3","1","-99","-99","L","-99"
"65000V008130","2016/08/08 04:49:00","3","3","1","-99","-99","S","-99"
"65000V008940","2016/08/08 04:49:00","0","0","0","0","0","L","0"
"65000V008940","2016/08/08 04:49:00","0","0","0","0","0","S","0"
"65000V008940","2016/08/08 04:49:00","0","1","0","59","1","L","1"
"65000V008940","2016/08/08 04:49:00","0","1","0","59","1","S","1"
"65000V008940","2016/08/08 04:49:00","0","2","0","66","1","L","1"
"65000V008940","2016/08/08 04:49:00","0","2","0","66","1","S","2"
"65000V008940","2016/08/08 04:49:00","0","5","1","0","0","L","0"
"65000V008940","2016/08/08 04:49:00","0","5","1","0","0","S","0"
"65000V008940","2016/08/08 04:49:00","0","4","1","75","0","L","0"
"65000V008940","2016/08/08 04:49:00","0","4","1","75","0","S","2"
"65000V008940","2016/08/08 04:49:00","0","3","1","61","1","L","1"
"65000V008940","2016/08/08 04:49:00","0","3","1","61","1","S","1"
"65000V009560","2016/08/08 04:49:00","0","0","0","0","0","L","0"
"65000V009560","2016/08/08 04:49:00","0","0","0","0","0","S","0"
"65000V009560","2016/08/08 04:49:00","0","1","0","62","0","L","0"
"65000V009560","2016/08/08 04:49:00","0","1","0","62","0","S","1"
"65000V009560","2016/08/08 04:49:00","0","3","1","0","0","L","0"
"65000V009560","2016/08/08 04:49:00","0","3","1","0","0","S","0"
"65000V009560","2016/08/08 04:49:00","0","2","1","0","0","L","0"
"65000V009560","2016/08/08 04:49:00","0","2","1","0","0","S","0"
"65000V009850","2016/08/08 04:49:00","3","1","0","-99","-99","L","-99"
"65000V009850","2016/08/08 04:49:00","3","1","0","-99","-99","S","-99"
"65000V009850","2016/08/08 04:49:00","3","0","0","-99","-99","L","-99"
"65000V009850","2016/08/08 04:49:00","3","0","0","-99","-99","S","-99"
"65000V010000","2016/08/08 04:49:00","3","0","0","-99","-99","L","-99"
"65000V010000","2016/08/08 04:49:00","3","0","0","-99","-99","S","-99"
"65000V010000","2016/08/08 04:49:00","3","1","0","-99","-99","L","-99"
"65000V010000","2016/08/08 04:49:00","3","1","0","-99","-99","S","-99"
"65000V010000","2016/08/08 04:49:00","3","3","1","-99","-99","L","-99"
"65000V010000","2016/08/08 04:49:00","3","3","1","-99","-99","S","-99"
"65000V010000","2016/08/08 04:49:00","3","2","1","-99","-99","L","-99"
"65000V010000","2016/08/08 04:49:00","3","2","1","-99","-99","S","-99"
"65000V010010","2016/08/08 04:49:00","0","1","0","0","0","L","0"
"65000V010010","2016/08/08 04:49:00","0","1","0","0","0","S","0"
"65000V010010","2016/08/08 04:49:00","0","0","0","0","0","L","0"
"65000V010010","2016/08/08 04:49:00","0","0","0","0","0","S","0"
"65000V010200","2016/08/08 04:49:00","0","0","0","0","0","L","0"
"65000V010200","2016/08/08 04:49:00","0","0","0","0","0","S","0"
"65000V010200","2016/08/08 04:49:00","0","1","1","0","0","L","0"
"65000V010200","2016/08/08 04:49:00","0","1","1","0","0","S","0"
"65000V010240","2016/08/08 04:49:00","3","0","0","-99","-99","L","-99"
"65000V010240","2016/08/08 04:49:00","3","0","0","-99","-99","S","-99"
"65000V010240","2016/08/08 04:49:00","3","1","1","-99","-99","L","-99"
"65000V010240","2016/08/08 04:49:00","3","1","1","-99","-99","S","-99"
"65000V015000","2016/08/08 04:49:00","0","0","0","0","0","L","0"
"65000V015000","2016/08/08 04:49:00","0","0","0","0","0","S","0"
"65000V015000","2016/08/08 04:49:00","0","1","0","0","0","L","0"
"65000V015000","2016/08/08 04:49:00","0","1","0","0","0","S","0"
"65000V015000","2016/08/08 04:49:00","0","2","0","0","0","L","0"
"65000V015000","2016/08/08 04:49:00","0","2","0","0","0","S","0"
"65000V015000","2016/08/08 04:49:00","0","5","1","63","0","L","0"
"65000V015000","2016/08/08 04:49:00","0","5","1","63","0","S","1"
"65000V015000","2016/08/08 04:49:00","0","4","1","56","1","L","0"
"65000V015000","2016/08/08 04:49:00","0","4","1","56","1","S","3"
"65000V015000","2016/08/08 04:49:00","0","3","1","50","1","L","0"
"65000V015000","2016/08/08 04:49:00","0","3","1","50","1","S","2"
"65000V015640","2016/08/08 04:49:00","0","1","0","57","0","L","0"
"65000V015640","2016/08/08 04:49:00","0","1","0","57","0","S","0"
"65000V015640","2016/08/08 04:49:00","0","0","0","54","0","L","0"
"65000V015640","2016/08/08 04:49:00","0","0","0","54","0","S","2"
"65000V015640","2016/08/08 04:49:00","0","2","0","49","0","L","0"
"65000V015640","2016/08/08 04:49:00","0","2","0","49","0","S","0"
"65000V015640","2016/08/08 04:49:00","0","4","1","46","0","L","0"
"65000V015640","2016/08/08 04:49:00","0","4","1","46","0","S","0"
"65000V015640","2016/08/08 04:49:00","0","3","1","57","0","L","0"
"65000V015640","2016/08/08 04:49:00","0","3","1","57","0","S","0"
"65000V015640","2016/08/08 04:49:00","0","5","1","46","2","L","1"
"65000V015640","2016/08/08 04:49:00","0","5","1","46","2","S","1"
"65000V017200","2016/08/08 04:49:00","0","0","0","0","0","L","0"
"65000V017200","2016/08/08 04:49:00","0","0","0","0","0","S","0"
"65000V017200","2016/08/08 04:49:00","0","1","1","0","0","L","0"
"65000V017200","2016/08/08 04:49:00","0","1","1","0","0","S","0"
"65000V021150","2016/08/08 04:49:00","0","2","0","65","0","L","0"
"65000V021150","2016/08/08 04:49:00","0","2","0","65","0","S","0"
"65000V021150","2016/08/08 04:49:00","0","0","0","72","0","L","0"
"65000V021150","2016/08/08 04:49:00","0","0","0","72","0","S","0"
"65000V021150","2016/08/08 04:49:00","0","1","0","49","1","L","0"
"65000V021150","2016/08/08 04:49:00","0","1","0","49","1","S","1"
"65000V021150","2016/08/08 04:49:00","0","5","1","49","0","L","0"
"65000V021150","2016/08/08 04:49:00","0","5","1","49","0","S","0"
"65000V021150","2016/08/08 04:49:00","0","3","1","24","0","L","0"
"65000V021150","2016/08/08 04:49:00","0","3","1","24","0","S","0"
"65000V021150","2016/08/08 04:49:00","0","4","1","49","1","L","0"
"65000V021150","2016/08/08 04:49:00","0","4","1","49","1","S","1"
"65000V022250","2016/08/08 04:49:00","0","1","0","0","0","L","0"
"65000V022250","2016/08/08 04:49:00","0","1","0","0","0","S","0"
"65000V022250","2016/08/08 04:49:00","0","0","0","0","0","L","0"
"65000V022250","2016/08/08 04:49:00","0","0","0","0","0","S","0"
"65000V022250","2016/08/08 04:49:00","0","2","1","0","0","L","0"
"65000V022250","2016/08/08 04:49:00","0","2","1","0","0","S","0"
"65000V022250","2016/08/08 04:49:00","0","3","1","37","1","L","0"
"65000V022250","2016/08/08 04:49:00","0","3","1","37","1","S","1"
"65000V026110","2016/08/08 04:49:00","0","0","0","0","0","L","0"
"65000V026110","2016/08/08 04:49:00","0","0","0","0","0","S","0"
"65000V026110","2016/08/08 04:49:00","0","1","0","75","1","L","0"
"65000V026110","2016/08/08 04:49:00","0","1","0","75","1","S","1"
"65000V026160","2016/08/08 04:49:00","0","0","0","0","0","L","0"
"65000V026160","2016/08/08 04:49:00","0","0","0","0","0","S","0"
"65000V026160","2016/08/08 04:49:00","0","1","0","0","0","L","0"
"65000V026160","2016/08/08 04:49:00","0","1","0","0","0","S","0"
"65000V026160","2016/08/08 04:49:00","0","3","1","0","0","L","0"
"65000V026160","2016/08/08 04:49:00","0","3","1","0","0","S","0"
"65000V026160","2016/08/08 04:49:00","0","2","1","69","1","L","0"
"65000V026160","2016/08/08 04:49:00","0","2","1","69","1","S","1"
"65000V026340","2016/08/08 04:49:00","0","3","0","0","0","L","0"
"65000V026340","2016/08/08 04:49:00","0","3","0","0","0","S","0"
"65000V026340","2016/08/08 04:49:00","0","0","0","68","1","L","0"
"65000V026340","2016/08/08 04:49:00","0","0","0","68","1","S","4"
"65000V026340","2016/08/08 04:49:00","0","2","0","58","3","L","1"
"65000V026340","2016/08/08 04:49:00","0","2","0","58","3","S","3"
"65000V026340","2016/08/08 04:49:00","0","1","0","58","4","L","0"
"65000V026340","2016/08/08 04:49:00","0","1","0","58","4","S","6"
"65000V026471","2016/08/08 04:49:00","3","3","0","-99","-99","L","-99"
"65000V026471","2016/08/08 04:49:00","3","3","0","-99","-99","S","-99"
"65000V026471","2016/08/08 04:49:00","3","2","0","-99","-99","L","-99"
"65000V026471","2016/08/08 04:49:00","3","2","0","-99","-99","S","-99"
"65000V026471","2016/08/08 04:49:00","3","1","0","-99","-99","L","-99"
"65000V026471","2016/08/08 04:49:00","3","1","0","-99","-99","S","-99"
"65000V026471","2016/08/08 04:49:00","3","0","0","-99","-99","L","-99"
"65000V026471","2016/08/08 04:49:00","3","0","0","-99","-99","S","-99"
"65000V027840","2016/08/08 04:49:00","0","1","0","0","0","L","0"
"65000V027840","2016/08/08 04:49:00","0","1","0","0","0","S","0"
"65000V027840","2016/08/08 04:49:00","0","0","0","0","0","L","0"
"65000V027840","2016/08/08 04:49:00","0","0","0","0","0","S","0"
"65000V027840","2016/08/08 04:49:00","0","3","1","56","1","L","1"
"65000V027840","2016/08/08 04:49:00","0","3","1","56","1","S","0"
"65000V027840","2016/08/08 04:49:00","0","2","1","73","1","L","0"
"65000V027840","2016/08/08 04:49:00","0","2","1","73","1","S","1"
"65000V028140","2016/08/08 04:49:00","3","0","0","-99","-99","L","-99"
"65000V028140","2016/08/08 04:49:00","3","0","0","-99","-99","S","-99"
"65000V028140","2016/08/08 04:49:00","3","2","0","-99","-99","L","-99"
"65000V028140","2016/08/08 04:49:00","3","2","0","-99","-99","S","-99"
"65000V028140","2016/08/08 04:49:00","3","1","0","-99","-99","L","-99"
"65000V028140","2016/08/08 04:49:00","3","1","0","-99","-99","S","-99"
"65000V028140","2016/08/08 04:49:00","3","3","1","-99","-99","L","-99"
"65000V028140","2016/08/08 04:49:00","3","3","1","-99","-99","S","-99"
"65000V028140","2016/08/08 04:49:00","3","4","1","-99","-99","L","-99"
"65000V028140","2016/08/08 04:49:00","3","4","1","-99","-99","S","-99"
"65000V030550","2016/08/08 04:49:00","0","2","0","-99","-99","L","-99"
"65000V030550","2016/08/08 04:49:00","0","2","0","-99","-99","S","-99"
"65000V030550","2016/08/08 04:49:00","0","0","0","-99","-99","L","-99"
"65000V030550","2016/08/08 04:49:00","0","0","0","-99","-99","S","-99"
"65000V030550","2016/08/08 04:49:00","0","1","0","-99","-99","L","-99"
"65000V030550","2016/08/08 04:49:00","0","1","0","-99","-99","S","-99"
"65000V030840","2016/08/08 04:49:00","3","0","0","-99","-99","L","-99"
"65000V030840","2016/08/08 04:49:00","3","0","0","-99","-99","S","-99"
"65000V030840","2016/08/08 04:49:00","3","1","0","-99","-99","L","-99"
"65000V030840","2016/08/08 04:49:00","3","1","0","-99","-99","S","-99"
"65000V030840","2016/08/08 04:49:00","3","2","1","-99","-99","L","-99"
"65000V030840","2016/08/08 04:49:00","3","2","1","-99","-99","S","-99"
"65000V030840","2016/08/08 04:49:00","3","3","1","-99","-99","L","-99"
"65000V030840","2016/08/08 04:49:00","3","3","1","-99","-99","S","-99"
"65000V031110","2016/08/08 04:49:00","3","0","0","-99","-99","L","-99"
"65000V031110","2016/08/08 04:49:00","3","0","0","-99","-99","S","-99"
"65000V031110","2016/08/08 04:49:00","3","1","0","-99","-99","L","-99"
"65000V031110","2016/08/08 04:49:00","3","1","0","-99","-99","S","-99"
"65000V031110","2016/08/08 04:49:00","3","3","1","-99","-99","L","-99"
"65000V031110","2016/08/08 04:49:00","3","3","1","-99","-99","S","-99"
"65000V031110","2016/08/08 04:49:00","3","2","1","-99","-99","L","-99"
"65000V031110","2016/08/08 04:49:00","3","2","1","-99","-99","S","-99"
"65000V035350","2016/08/08 04:49:00","3","2","0","-99","-99","L","-99"
"65000V035350","2016/08/08 04:49:00","3","2","0","-99","-99","S","-99"
"65000V035350","2016/08/08 04:49:00","3","1","0","-99","-99","L","-99"
"65000V035350","2016/08/08 04:49:00","3","1","0","-99","-99","S","-99"
"65000V035350","2016/08/08 04:49:00","3","0","0","-99","-99","L","-99"
"65000V035350","2016/08/08 04:49:00","3","0","0","-99","-99","S","-99"
"65000V035350","2016/08/08 04:49:00","3","3","0","-99","-99","L","-99"
"65000V035350","2016/08/08 04:49:00","3","3","0","-99","-99","S","-99"
"65000V035620","2016/08/08 04:49:00","0","1","0","0","0","L","0"
"65000V035620","2016/08/08 04:49:00","0","1","0","0","0","S","0"
"65000V035620","2016/08/08 04:49:00","0","0","0","0","0","L","0"
"65000V035620","2016/08/08 04:49:00","0","0","0","0","0","S","0"
"65000V035620","2016/08/08 04:49:00","0","3","1","52","0","L","1"
"65000V035620","2016/08/08 04:49:00","0","3","1","52","0","S","0"
"65000V035620","2016/08/08 04:49:00","0","2","1","0","0","L","0"
"65000V035620","2016/08/08 04:49:00","0","2","1","0","0","S","0"
"65000V036660","2016/08/08 04:49:00","0","1","0","0","0","L","0"
"65000V036660","2016/08/08 04:49:00","0","1","0","0","0","S","0"
"65000V036660","2016/08/08 04:49:00","0","0","0","0","0","L","0"
"65000V036660","2016/08/08 04:49:00","0","0","0","0","0","S","0"
"65000V036660","2016/08/08 04:49:00","0","2","1","0","0","L","0"
"65000V036660","2016/08/08 04:49:00","0","2","1","0","0","S","0"
"65000V036660","2016/08/08 04:49:00","0","3","1","0","0","L","0"
"65000V036660","2016/08/08 04:49:00","0","3","1","0","0","S","0"
"65000V037700","2016/08/08 04:49:00","3","1","0","-99","-99","L","-99"
"65000V037700","2016/08/08 04:49:00","3","1","0","-99","-99","S","-99"
"65000V037700","2016/08/08 04:49:00","3","0","0","-99","-99","L","-99"
"65000V037700","2016/08/08 04:49:00","3","0","0","-99","-99","S","-99"
"65000V037700","2016/08/08 04:49:00","3","2","0","-99","-99","L","-99"
"65000V037700","2016/08/08 04:49:00","3","2","0","-99","-99","S","-99"
"65000V037700","2016/08/08 04:49:00","3","5","1","-99","-99","L","-99"
"65000V037700","2016/08/08 04:49:00","3","5","1","-99","-99","S","-99"
"65000V037700","2016/08/08 04:49:00","3","3","1","-99","-99","L","-99"
"65000V037700","2016/08/08 04:49:00","3","3","1","-99","-99","S","-99"
"65000V037700","2016/08/08 04:49:00","3","4","1","-99","-99","L","-99"
"65000V037700","2016/08/08 04:49:00","3","4","1","-99","-99","S","-99"
"65000V037800","2016/08/08 04:49:00","0","2","0","-99","-99","L","-99"
"65000V037800","2016/08/08 04:49:00","0","2","0","-99","-99","S","-99"
"65000V037800","2016/08/08 04:49:00","0","0","0","-99","-99","L","-99"
"65000V037800","2016/08/08 04:49:00","0","0","0","-99","-99","S","-99"
"65000V037800","2016/08/08 04:49:00","0","1","0","-99","-99","L","-99"
"65000V037800","2016/08/08 04:49:00","0","1","0","-99","-99","S","-99"
"65000V037800","2016/08/08 04:49:00","0","4","1","-99","-99","L","-99"
"65000V037800","2016/08/08 04:49:00","0","4","1","-99","-99","S","-99"
"65000V037800","2016/08/08 04:49:00","0","5","1","-99","-99","L","-99"
"65000V037800","2016/08/08 04:49:00","0","5","1","-99","-99","S","-99"
"65000V037800","2016/08/08 04:49:00","0","3","1","-99","-99","L","-99"
"65000V037800","2016/08/08 04:49:00","0","3","1","-99","-99","S","-99"
"65000V040100","2016/08/08 04:49:00","0","1","0","68","0","L","0"
"65000V040100","2016/08/08 04:49:00","0","1","0","68","0","S","1"
"65000V040100","2016/08/08 04:49:00","0","0","0","0","0","L","0"
"65000V040100","2016/08/08 04:49:00","0","0","0","0","0","S","0"
"65000V040100","2016/08/08 04:49:00","0","2","1","0","0","L","0"
"65000V040100","2016/08/08 04:49:00","0","2","1","0","0","S","0"
"65000V040100","2016/08/08 04:49:00","0","3","1","57","1","L","0"
"65000V040100","2016/08/08 04:49:00","0","3","1","57","1","S","2"
"65000V040240","2016/08/08 04:49:00","3","0","0","-99","-99","L","-99"
"65000V040240","2016/08/08 04:49:00","3","0","0","-99","-99","S","-99"
"65000V040240","2016/08/08 04:49:00","3","2","0","-99","-99","L","-99"
"65000V040240","2016/08/08 04:49:00","3","2","0","-99","-99","S","-99"
"65000V040240","2016/08/08 04:49:00","3","1","0","-99","-99","L","-99"
"65000V040240","2016/08/08 04:49:00","3","1","0","-99","-99","S","-99"
"65000V040240","2016/08/08 04:49:00","3","5","1","-99","-99","L","-99"
"65000V040240","2016/08/08 04:49:00","3","5","1","-99","-99","S","-99"
"65000V040240","2016/08/08 04:49:00","3","4","1","-99","-99","L","-99"
"65000V040240","2016/08/08 04:49:00","3","4","1","-99","-99","S","-99"
"65000V040240","2016/08/08 04:49:00","3","3","1","-99","-99","L","-99"
"65000V040240","2016/08/08 04:49:00","3","3","1","-99","-99","S","-99"
"65000V040870","2016/08/08 04:49:00","3","0","0","-99","-99","L","-99"
"65000V040870","2016/08/08 04:49:00","3","0","0","-99","-99","S","-99"
"65000V040870","2016/08/08 04:49:00","3","1","0","-99","-99","L","-99"
"65000V040870","2016/08/08 04:49:00","3","1","0","-99","-99","S","-99"
"65000V040870","2016/08/08 04:49:00","3","2","1","-99","-99","L","-99"
"65000V040870","2016/08/08 04:49:00","3","2","1","-99","-99","S","-99"
"65000V040870","2016/08/08 04:49:00","3","3","1","-99","-99","L","-99"
"65000V040870","2016/08/08 04:49:00","3","3","1","-99","-99","S","-99"
"65000V041140","2016/08/08 04:49:00","3","2","0","-99","-99","L","-99"
"65000V041140","2016/08/08 04:49:00","3","2","0","-99","-99","S","-99"
"65000V041140","2016/08/08 04:49:00","3","1","0","-99","-99","L","-99"
"65000V041140","2016/08/08 04:49:00","3","1","0","-99","-99","S","-99"
"65000V041140","2016/08/08 04:49:00","3","0","0","-99","-99","L","-99"
"65000V041140","2016/08/08 04:49:00","3","0","0","-99","-99","S","-99"
"65000V043040","2016/08/08 04:49:00","0","0","0","-99","-99","L","-99"
"65000V043040","2016/08/08 04:49:00","0","0","0","-99","-99","S","-99"
"65000V043040","2016/08/08 04:49:00","0","1","0","-99","-99","L","-99"
"65000V043040","2016/08/08 04:49:00","0","1","0","-99","-99","S","-99"
"65000V043040","2016/08/08 04:49:00","0","3","1","-99","-99","L","-99"
"65000V043040","2016/08/08 04:49:00","0","3","1","-99","-99","S","-99"
"65000V043040","2016/08/08 04:49:00","0","2","1","-99","-99","L","-99"
"65000V043040","2016/08/08 04:49:00","0","2","1","-99","-99","S","-99"
"65000V043860","2016/08/08 04:49:00","3","1","0","-99","-99","L","-99"
"65000V043860","2016/08/08 04:49:00","3","1","0","-99","-99","S","-99"
"65000V043860","2016/08/08 04:49:00","3","0","0","-99","-99","L","-99"
"65000V043860","2016/08/08 04:49:00","3","0","0","-99","-99","S","-99"
"65000V043860","2016/08/08 04:49:00","3","3","1","-99","-99","L","-99"
"65000V043860","2016/08/08 04:49:00","3","3","1","-99","-99","S","-99"
"65000V043860","2016/08/08 04:49:00","3","2","1","-99","-99","L","-99"
"65000V043860","2016/08/08 04:49:00","3","2","1","-99","-99","S","-99"
"65000V044260","2016/08/08 04:49:00","3","1","0","-99","-99","L","-99"
"65000V044260","2016/08/08 04:49:00","3","1","0","-99","-99","S","-99"
"65000V044260","2016/08/08 04:49:00","3","0","0","-99","-99","L","-99"
"65000V044260","2016/08/08 04:49:00","3","0","0","-99","-99","S","-99"
"65000V044260","2016/08/08 04:49:00","3","3","1","-99","-99","L","-99"
"65000V044260","2016/08/08 04:49:00","3","3","1","-99","-99","S","-99"
"65000V044260","2016/08/08 04:49:00","3","2","1","-99","-99","L","-99"
"65000V044260","2016/08/08 04:49:00","3","2","1","-99","-99","S","-99"
"65000V046200","2016/08/08 04:49:00","3","0","0","-99","-99","L","-99"
"65000V046200","2016/08/08 04:49:00","3","0","0","-99","-99","S","-99"
"65000V046200","2016/08/08 04:49:00","3","1","0","-99","-99","L","-99"
"65000V046200","2016/08/08 04:49:00","3","1","0","-99","-99","S","-99"
"65000V046200","2016/08/08 04:49:00","3","2","1","-99","-99","L","-99"
"65000V046200","2016/08/08 04:49:00","3","2","1","-99","-99","S","-99"
"65000V046200","2016/08/08 04:49:00","3","3","1","-99","-99","L","-99"
"65000V046200","2016/08/08 04:49:00","3","3","1","-99","-99","S","-99"
"65000V049300","2016/08/08 04:49:00","3","1","0","-99","-99","L","-99"
"65000V049300","2016/08/08 04:49:00","3","1","0","-99","-99","S","-99"
"65000V049300","2016/08/08 04:49:00","3","0","0","-99","-99","L","-99"
"65000V049300","2016/08/08 04:49:00","3","0","0","-99","-99","S","-99"
"65000V049300","2016/08/08 04:49:00","3","2","1","-99","-99","L","-99"
"65000V049300","2016/08/08 04:49:00","3","2","1","-99","-99","S","-99"
"65000V049300","2016/08/08 04:49:00","3","3","1","-99","-99","L","-99"
"65000V049300","2016/08/08 04:49:00","3","3","1","-99","-99","S","-99"
"65000V071340","2016/08/08 04:49:00","0","1","1","0","0","L","0"
"65000V071340","2016/08/08 04:49:00","0","1","1","0","0","S","0"
"65000V071340","2016/08/08 04:49:00","0","0","1","0","0","L","0"
"65000V071340","2016/08/08 04:49:00","0","0","1","0","0","S","0"
"65000V071520","2016/08/08 04:49:00","3","1","0","-99","-99","L","-99"
"65000V071520","2016/08/08 04:49:00","3","1","0","-99","-99","S","-99"
"65000V071520","2016/08/08 04:49:00","3","0","0","-99","-99","L","-99"
"65000V071520","2016/08/08 04:49:00","3","0","0","-99","-99","S","-99"
"65000V071520","2016/08/08 04:49:00","3","3","1","-99","-99","L","-99"
"65000V071520","2016/08/08 04:49:00","3","3","1","-99","-99","S","-99"
"65000V071520","2016/08/08 04:49:00","3","2","1","-99","-99","L","-99"
"65000V071520","2016/08/08 04:49:00","3","2","1","-99","-99","S","-99"
"65000V071730","2016/08/08 04:49:00","0","1","1","0","0","L","0"
"65000V071730","2016/08/08 04:49:00","0","1","1","0","0","S","0"
"65000V071730","2016/08/08 04:49:00","0","0","1","0","0","L","0"
"65000V071730","2016/08/08 04:49:00","0","0","1","0","0","S","0"
"65000V074250","2016/08/08 04:49:00","0","0","0","-99","-99","L","-99"
"65000V074250","2016/08/08 04:49:00","0","0","0","-99","-99","S","-99"
"65000V074250","2016/08/08 04:49:00","0","1","0","-99","-99","L","-99"
"65000V074250","2016/08/08 04:49:00","0","1","0","-99","-99","S","-99"
"65000V074250","2016/08/08 04:49:00","0","3","1","-99","-99","L","-99"
"65000V074250","2016/08/08 04:49:00","0","3","1","-99","-99","S","-99"
"65000V074250","2016/08/08 04:49:00","0","2","1","-99","-99","L","-99"
"65000V074250","2016/08/08 04:49:00","0","2","1","-99","-99","S","-99"
"65000V075430","2016/08/08 04:49:00","0","1","0","48","1","L","0"
"65000V075430","2016/08/08 04:49:00","0","1","0","48","1","S","1"
"65000V075430","2016/08/08 04:49:00","0","0","0","38","1","L","0"
"65000V075430","2016/08/08 04:49:00","0","0","0","38","1","S","1"
"65000V075430","2016/08/08 04:49:00","0","2","1","0","0","L","0"
"65000V075430","2016/08/08 04:49:00","0","2","1","0","0","S","0"
"65000V075430","2016/08/08 04:49:00","0","3","1","0","0","L","0"
"65000V075430","2016/08/08 04:49:00","0","3","1","0","0","S","0"
"65000V078800","2016/08/08 04:49:00","0","0","0","43","0","L","0"
"65000V078800","2016/08/08 04:49:00","0","0","0","43","0","S","0"
"65000V078800","2016/08/08 04:49:00","0","1","0","49","0","L","0"
"65000V078800","2016/08/08 04:49:00","0","1","0","49","0","S","1"
"65000V078800","2016/08/08 04:49:00","0","3","1","35","0","L","0"
"65000V078800","2016/08/08 04:49:00","0","3","1","35","0","S","0"
"65000V078800","2016/08/08 04:49:00","0","2","1","53","0","L","0"
"65000V078800","2016/08/08 04:49:00","0","2","1","53","0","S","0"
"65000V078810","2016/08/08 04:49:00","0","0","0","0","0","L","0"
"65000V078810","2016/08/08 04:49:00","0","0","0","0","0","S","0"
"65000V079020","2016/08/08 04:49:00","3","2","0","-99","-99","L","-99"
"65000V079020","2016/08/08 04:49:00","3","2","0","-99","-99","S","-99"
"65000V079020","2016/08/08 04:49:00","3","0","0","-99","-99","L","-99"
"65000V079020","2016/08/08 04:49:00","3","0","0","-99","-99","S","-99"
"65000V079020","2016/08/08 04:49:00","3","1","0","-99","-99","L","-99"
"65000V079020","2016/08/08 04:49:00","3","1","0","-99","-99","S","-99"
"65000V079110","2016/08/08 04:49:00","0","1","0","0","0","L","0"
"65000V079110","2016/08/08 04:49:00","0","1","0","0","0","S","0"
"65000V079110","2016/08/08 04:49:00","0","0","0","75","0","L","0"
"65000V079110","2016/08/08 04:49:00","0","0","0","75","0","S","1"
"65000V079110","2016/08/08 04:49:00","0","3","1","0","0","L","0"
"65000V079110","2016/08/08 04:49:00","0","3","1","0","0","S","0"
"65000V079110","2016/08/08 04:49:00","0","2","1","75","0","L","0"
"65000V079110","2016/08/08 04:49:00","0","2","1","75","0","S","1"
"65000V083720","2016/08/08 04:49:00","0","0","0","76","0","L","0"
"65000V083720","2016/08/08 04:49:00","0","0","0","76","0","S","1"
"65000V083720","2016/08/08 04:49:00","0","1","1","0","0","L","0"
"65000V083720","2016/08/08 04:49:00","0","1","1","0","0","S","0"
"65000V083760","2016/08/08 04:49:00","0","0","0","0","0","L","0"
"65000V083760","2016/08/08 04:49:00","0","0","0","0","0","S","0"
"65000V083760","2016/08/08 04:49:00","0","1","1","72","1","L","0"
"65000V083760","2016/08/08 04:49:00","0","1","1","72","1","S","1"
"65000V083900","2016/08/08 04:49:00","0","0","1","0","0","L","0"
"65000V083900","2016/08/08 04:49:00","0","0","1","0","0","S","0"
"65000V084000","2016/08/08 04:49:00","0","0","0","0","0","L","0"
"65000V084000","2016/08/08 04:49:00","0","0","0","0","0","S","0"
"65000V084000","2016/08/08 04:49:00","0","1","0","0","0","L","0"
"65000V084000","2016/08/08 04:49:00","0","1","0","0","0","S","0"
"65000V084040","2016/08/08 04:49:00","0","0","0","0","0","L","0"
"65000V084040","2016/08/08 04:49:00","0","0","0","0","0","S","0"
"65000V084040","2016/08/08 04:49:00","0","1","0","0","0","L","0"
"65000V084040","2016/08/08 04:49:00","0","1","0","0","0","S","0"
"65000V084100","2016/08/08 04:49:00","0","0","1","-99","-99","L","-99"
"65000V084100","2016/08/08 04:49:00","0","0","1","-99","-99","S","-99"
"65000V084140","2016/08/08 04:49:00","3","0","0","-99","-99","L","-99"
"65000V084140","2016/08/08 04:49:00","3","0","0","-99","-99","S","-99"
"65000V084140","2016/08/08 04:49:00","3","2","0","-99","-99","L","-99"
"65000V084140","2016/08/08 04:49:00","3","2","0","-99","-99","S","-99"
"65000V084140","2016/08/08 04:49:00","3","1","0","-99","-99","L","-99"
"65000V084140","2016/08/08 04:49:00","3","1","0","-99","-99","S","-99"
"65000V084240","2016/08/08 04:49:00","0","0","0","-99","-99","L","-99"
"65000V084240","2016/08/08 04:49:00","0","0","0","-99","-99","S","-99"
"65000V084240","2016/08/08 04:49:00","0","1","0","-99","-99","L","-99"
"65000V084240","2016/08/08 04:49:00","0","1","0","-99","-99","S","-99"
"65000V084240","2016/08/08 04:49:00","0","2","0","-99","-99","L","-99"
"65000V084240","2016/08/08 04:49:00","0","2","0","-99","-99","S","-99"
"65000V097400","2016/08/08 04:49:00","0","1","0","-99","-99","L","-99"
"65000V097400","2016/08/08 04:49:00","0","1","0","-99","-99","S","-99"
"65000V097400","2016/08/08 04:49:00","0","2","0","-99","-99","L","-99"
"65000V097400","2016/08/08 04:49:00","0","2","0","-99","-99","S","-99"
"65000V097400","2016/08/08 04:49:00","0","0","0","-99","-99","L","-99"
"65000V097400","2016/08/08 04:49:00","0","0","0","-99","-99","S","-99"
"65000V097400","2016/08/08 04:49:00","0","3","1","-99","-99","L","-99"
"65000V097400","2016/08/08 04:49:00","0","3","1","-99","-99","S","-99"
"65000V097400","2016/08/08 04:49:00","0","5","1","-99","-99","L","-99"
"65000V097400","2016/08/08 04:49:00","0","5","1","-99","-99","S","-99"
"65000V097400","2016/08/08 04:49:00","0","4","1","-99","-99","L","-99"
"65000V097400","2016/08/08 04:49:00","0","4","1","-99","-99","S","-99"
"65000V114920","2016/08/08 04:49:00","0","0","0","0","0","L","0"
"65000V114920","2016/08/08 04:49:00","0","0","0","0","0","S","0"
"65000V114920","2016/08/08 04:49:00","0","2","0","0","0","L","0"
"65000V114920","2016/08/08 04:49:00","0","2","0","0","0","S","0"
"65000V114920","2016/08/08 04:49:00","0","1","0","81","1","L","0"
"65000V114920","2016/08/08 04:49:00","0","1","0","81","1","S","1"
"65000V114920","2016/08/08 04:49:00","0","5","1","0","0","L","0"
"65000V114920","2016/08/08 04:49:00","0","5","1","0","0","S","0"
"65000V114920","2016/08/08 04:49:00","0","4","1","76","1","L","0"
"65000V114920","2016/08/08 04:49:00","0","4","1","76","1","S","2"
"65000V114920","2016/08/08 04:49:00","0","3","1","74","1","L","0"
"65000V114920","2016/08/08 04:49:00","0","3","1","74","1","S","1"
"65000V146540","2016/08/08 04:49:00","0","0","0","-99","-99","L","-99"
"65000V146540","2016/08/08 04:49:00","0","0","0","-99","-99","S","-99"
"65000V146540","2016/08/08 04:49:00","0","2","0","-99","-99","L","-99"
"65000V146540","2016/08/08 04:49:00","0","2","0","-99","-99","S","-99"
"65000V146540","2016/08/08 04:49:00","0","1","0","-99","-99","L","-99"
"65000V146540","2016/08/08 04:49:00","0","1","0","-99","-99","S","-99"
"65000V160240","2016/08/08 04:49:00","3","0","0","-99","-99","L","-99"
"65000V160240","2016/08/08 04:49:00","3","0","0","-99","-99","S","-99"
"65000V160240","2016/08/08 04:49:00","3","1","0","-99","-99","L","-99"
"65000V160240","2016/08/08 04:49:00","3","1","0","-99","-99","S","-99"
"65000V160430","2016/08/08 04:49:00","0","1","0","0","0","L","0"
"65000V160430","2016/08/08 04:49:00","0","1","0","0","0","S","0"
"65000V160430","2016/08/08 04:49:00","0","2","0","0","0","L","0"
"65000V160430","2016/08/08 04:49:00","0","2","0","0","0","S","0"
"65000V160430","2016/08/08 04:49:00","0","0","0","0","0","L","0"
"65000V160430","2016/08/08 04:49:00","0","0","0","0","0","S","0"
"65000V160430","2016/08/08 04:49:00","0","4","1","0","0","L","0"
"65000V160430","2016/08/08 04:49:00","0","4","1","0","0","S","0"
"65000V160430","2016/08/08 04:49:00","0","3","1","0","0","L","0"
"65000V160430","2016/08/08 04:49:00","0","3","1","0","0","S","0"
"65000V160620","2016/08/08 04:49:00","0","0","0","0","0","L","0"
"65000V160620","2016/08/08 04:49:00","0","0","0","0","0","S","0"
"65000V160620","2016/08/08 04:49:00","0","1","0","0","0","L","0"
"65000V160620","2016/08/08 04:49:00","0","1","0","0","0","S","0"
"65000V160620","2016/08/08 04:49:00","0","2","1","71","1","L","0"
"65000V160620","2016/08/08 04:49:00","0","2","1","71","1","S","2"
"65000V160620","2016/08/08 04:49:00","0","3","1","58","1","L","0"
"65000V160620","2016/08/08 04:49:00","0","3","1","58","1","S","3"
"65000V182320","2016/08/08 04:49:00","0","1","0","-99","-99","L","-99"
"65000V182320","2016/08/08 04:49:00","0","1","0","-99","-99","S","-99"
"65000V182320","2016/08/08 04:49:00","0","0","0","-99","-99","L","-99"
"65000V182320","2016/08/08 04:49:00","0","0","0","-99","-99","S","-99"
"65000V182320","2016/08/08 04:49:00","0","3","1","-99","-99","L","-99"
"65000V182320","2016/08/08 04:49:00","0","3","1","-99","-99","S","-99"
"65000V182320","2016/08/08 04:49:00","0","2","1","-99","-99","L","-99"
"65000V182320","2016/08/08 04:49:00","0","2","1","-99","-99","S","-99"
"65000V183150","2016/08/08 04:49:00","0","1","0","0","0","L","0"
"65000V183150","2016/08/08 04:49:00","0","1","0","0","0","S","0"
"65000V183150","2016/08/08 04:49:00","0","2","0","0","0","L","0"
"65000V183150","2016/08/08 04:49:00","0","2","0","0","0","S","0"
"65000V183150","2016/08/08 04:49:00","0","0","0","65","2","L","0"
"65000V183150","2016/08/08 04:49:00","0","0","0","65","2","S","2"
"65000V183150","2016/08/08 04:49:00","0","3","1","0","0","L","0"
"65000V183150","2016/08/08 04:49:00","0","3","1","0","0","S","0"
"65000V183150","2016/08/08 04:49:00","0","5","1","0","0","L","0"
"65000V183150","2016/08/08 04:49:00","0","5","1","0","0","S","0"
"65000V183150","2016/08/08 04:49:00","0","4","1","0","0","L","0"
"65000V183150","2016/08/08 04:49:00","0","4","1","0","0","S","0"
"65000V183240","2016/08/08 04:49:00","3","0","0","-99","-99","L","-99"
"65000V183240","2016/08/08 04:49:00","3","0","0","-99","-99","S","-99"
"65000V183240","2016/08/08 04:49:00","3","1","0","-99","-99","L","-99"
"65000V183240","2016/08/08 04:49:00","3","1","0","-99","-99","S","-99"
"65000V183240","2016/08/08 04:49:00","3","2","1","-99","-99","L","-99"
"65000V183240","2016/08/08 04:49:00","3","2","1","-99","-99","S","-99"
"65000V183240","2016/08/08 04:49:00","3","3","1","-99","-99","L","-99"
"65000V183240","2016/08/08 04:49:00","3","3","1","-99","-99","S","-99"
"65000V184860","2016/08/08 04:49:00","0","1","0","0","0","L","0"
"65000V184860","2016/08/08 04:49:00","0","1","0","0","0","S","0"
"65000V184860","2016/08/08 04:49:00","0","0","0","0","0","L","0"
"65000V184860","2016/08/08 04:49:00","0","0","0","0","0","S","0"
"65000V184860","2016/08/08 04:49:00","0","3","1","0","0","L","0"
"65000V184860","2016/08/08 04:49:00","0","3","1","0","0","S","0"
"65000V184860","2016/08/08 04:49:00","0","2","1","52","1","L","0"
"65000V184860","2016/08/08 04:49:00","0","2","1","52","1","S","1"
"65000V184960","2016/08/08 04:49:00","3","1","0","-99","-99","L","-99"
"65000V184960","2016/08/08 04:49:00","3","1","0","-99","-99","S","-99"
"65000V184960","2016/08/08 04:49:00","3","0","0","-99","-99","L","-99"
"65000V184960","2016/08/08 04:49:00","3","0","0","-99","-99","S","-99"
"65000V184960","2016/08/08 04:49:00","3","2","1","-99","-99","L","-99"
"65000V184960","2016/08/08 04:49:00","3","2","1","-99","-99","S","-99"
"65000V184960","2016/08/08 04:49:00","3","3","1","-99","-99","L","-99"
"65000V184960","2016/08/08 04:49:00","3","3","1","-99","-99","S","-99"
"65000V185430","2016/08/08 04:49:00","3","1","0","-99","-99","L","-99"
"65000V185430","2016/08/08 04:49:00","3","1","0","-99","-99","S","-99"
"65000V185430","2016/08/08 04:49:00","3","0","0","-99","-99","L","-99"
"65000V185430","2016/08/08 04:49:00","3","0","0","-99","-99","S","-99"
"65000V185430","2016/08/08 04:49:00","3","2","1","-99","-99","L","-99"
"65000V185430","2016/08/08 04:49:00","3","2","1","-99","-99","S","-99"
"65000V185430","2016/08/08 04:49:00","3","3","1","-99","-99","L","-99"
"65000V185430","2016/08/08 04:49:00","3","3","1","-99","-99","S","-99"
"65000V190640","2016/08/08 04:49:00","3","1","0","-99","-99","L","-99"
"65000V190640","2016/08/08 04:49:00","3","1","0","-99","-99","S","-99"
"65000V190640","2016/08/08 04:49:00","3","2","0","-99","-99","L","-99"
"65000V190640","2016/08/08 04:49:00","3","2","0","-99","-99","S","-99"
"65000V190640","2016/08/08 04:49:00","3","0","0","-99","-99","L","-99"
"65000V190640","2016/08/08 04:49:00","3","0","0","-99","-99","S","-99"
"65000V190740","2016/08/08 04:49:00","0","0","0","0","0","L","0"
"65000V190740","2016/08/08 04:49:00","0","0","0","0","0","S","0"
"65000V190740","2016/08/08 04:49:00","0","1","0","0","0","L","0"
"65000V190740","2016/08/08 04:49:00","0","1","0","0","0","S","0"
"65000V190740","2016/08/08 04:49:00","0","2","0","0","0","L","0"
"65000V190740","2016/08/08 04:49:00","0","2","0","0","0","S","0"
"65000V202330","2016/08/08 04:49:00","3","1","0","-99","-99","L","-99"
"65000V202330","2016/08/08 04:49:00","3","1","0","-99","-99","S","-99"
"65000V202330","2016/08/08 04:49:00","3","2","0","-99","-99","L","-99"
"65000V202330","2016/08/08 04:49:00","3","2","0","-99","-99","S","-99"
"65000V202330","2016/08/08 04:49:00","3","0","0","-99","-99","L","-99"
"65000V202330","2016/08/08 04:49:00","3","0","0","-99","-99","S","-99"
"65000V202330","2016/08/08 04:49:00","3","3","1","-99","-99","L","-99"
"65000V202330","2016/08/08 04:49:00","3","3","1","-99","-99","S","-99"
"65000V202330","2016/08/08 04:49:00","3","5","1","-99","-99","L","-99"
"65000V202330","2016/08/08 04:49:00","3","5","1","-99","-99","S","-99"
"65000V202330","2016/08/08 04:49:00","3","4","1","-99","-99","L","-99"
"65000V202330","2016/08/08 04:49:00","3","4","1","-99","-99","S","-99"
"65000V202470","2016/08/08 04:49:00","0","1","0","0","0","L","0"
"65000V202470","2016/08/08 04:49:00","0","1","0","0","0","S","0"
"65000V202470","2016/08/08 04:49:00","0","0","0","69","0","L","0"
"65000V202470","2016/08/08 04:49:00","0","0","0","69","0","S","1"
"65000V202470","2016/08/08 04:49:00","0","3","1","62","0","L","0"
"65000V202470","2016/08/08 04:49:00","0","3","1","62","0","S","1"
"65000V202470","2016/08/08 04:49:00","0","2","1","0","0","L","0"
"65000V202470","2016/08/08 04:49:00","0","2","1","0","0","S","0"
"65000V203120","2016/08/08 04:49:00","3","1","0","-99","-99","L","-99"
"65000V203120","2016/08/08 04:49:00","3","1","0","-99","-99","S","-99"
"65000V203120","2016/08/08 04:49:00","3","0","0","-99","-99","L","-99"
"65000V203120","2016/08/08 04:49:00","3","0","0","-99","-99","S","-99"
"65000V203120","2016/08/08 04:49:00","3","2","1","-99","-99","L","-99"
"65000V203120","2016/08/08 04:49:00","3","2","1","-99","-99","S","-99"
"65000V203120","2016/08/08 04:49:00","3","3","1","-99","-99","L","-99"
"65000V203120","2016/08/08 04:49:00","3","3","1","-99","-99","S","-99"
"65000V203300","2016/08/08 04:49:00","3","1","0","-99","-99","L","-99"
"65000V203300","2016/08/08 04:49:00","3","1","0","-99","-99","S","-99"
"65000V203300","2016/08/08 04:49:00","3","0","0","-99","-99","L","-99"
"65000V203300","2016/08/08 04:49:00","3","0","0","-99","-99","S","-99"
"65000V203300","2016/08/08 04:49:00","3","3","1","-99","-99","L","-99"
"65000V203300","2016/08/08 04:49:00","3","3","1","-99","-99","S","-99"
"65000V203300","2016/08/08 04:49:00","3","2","1","-99","-99","L","-99"
"65000V203300","2016/08/08 04:49:00","3","2","1","-99","-99","S","-99"
"65000V203550","2016/08/08 04:49:00","3","0","0","-99","-99","L","-99"
"65000V203550","2016/08/08 04:49:00","3","0","0","-99","-99","S","-99"
"65000V203550","2016/08/08 04:49:00","3","1","1","-99","-99","L","-99"
"65000V203550","2016/08/08 04:49:00","3","1","1","-99","-99","S","-99"
"65000V203910","2016/08/08 04:49:00","3","0","0","-99","-99","L","-99"
"65000V203910","2016/08/08 04:49:00","3","0","0","-99","-99","S","-99"
"65000V203910","2016/08/08 04:49:00","3","1","0","-99","-99","L","-99"
"65000V203910","2016/08/08 04:49:00","3","1","0","-99","-99","S","-99"
"65000V203910","2016/08/08 04:49:00","3","3","1","-99","-99","L","-99"
"65000V203910","2016/08/08 04:49:00","3","3","1","-99","-99","S","-99"
"65000V203910","2016/08/08 04:49:00","3","2","1","-99","-99","L","-99"
"65000V203910","2016/08/08 04:49:00","3","2","1","-99","-99","S","-99"
"65000V204010","2016/08/08 04:49:00","0","1","0","66","0","L","0"
"65000V204010","2016/08/08 04:49:00","0","1","0","66","0","S","1"
"65000V204010","2016/08/08 04:49:00","0","2","0","67","0","L","0"
"65000V204010","2016/08/08 04:49:00","0","2","0","67","0","S","1"
"65000V204010","2016/08/08 04:49:00","0","0","0","45","1","L","0"
"65000V204010","2016/08/08 04:49:00","0","0","0","45","1","S","2"
"65000V204010","2016/08/08 04:49:00","0","4","1","0","0","L","0"
"65000V204010","2016/08/08 04:49:00","0","4","1","0","0","S","0"
"65000V204010","2016/08/08 04:49:00","0","3","1","0","0","L","0"
"65000V204010","2016/08/08 04:49:00","0","3","1","0","0","S","0"
"65000V204010","2016/08/08 04:49:00","0","5","1","0","0","L","0"
"65000V204010","2016/08/08 04:49:00","0","5","1","0","0","S","0"
"65000V207950","2016/08/08 04:49:00","3","1","0","-99","-99","L","-99"
"65000V207950","2016/08/08 04:49:00","3","1","0","-99","-99","S","-99"
"65000V207950","2016/08/08 04:49:00","3","2","0","-99","-99","L","-99"
"65000V207950","2016/08/08 04:49:00","3","2","0","-99","-99","S","-99"
"65000V207950","2016/08/08 04:49:00","3","0","0","-99","-99","L","-99"
"65000V207950","2016/08/08 04:49:00","3","0","0","-99","-99","S","-99"
"65000V207950","2016/08/08 04:49:00","3","3","1","-99","-99","L","-99"
"65000V207950","2016/08/08 04:49:00","3","3","1","-99","-99","S","-99"
"65000V207950","2016/08/08 04:49:00","3","4","1","-99","-99","L","-99"
"65000V207950","2016/08/08 04:49:00","3","4","1","-99","-99","S","-99"
"65000V207950","2016/08/08 04:49:00","3","5","1","-99","-99","L","-99"
"65000V207950","2016/08/08 04:49:00","3","5","1","-99","-99","S","-99"
"65000V215230","2016/08/08 04:49:00","2","1","0","-99","-99","L","-99"
"65000V215230","2016/08/08 04:49:00","2","1","0","-99","-99","S","-99"
"65000V215230","2016/08/08 04:49:00","2","0","0","-99","-99","L","-99"
"65000V215230","2016/08/08 04:49:00","2","0","0","-99","-99","S","-99"
"65000V215230","2016/08/08 04:49:00","2","2","0","-99","-99","L","-99"
"65000V215230","2016/08/08 04:49:00","2","2","0","-99","-99","S","-99"
"65000V215230","2016/08/08 04:49:00","2","5","1","-99","-99","L","-99"
"65000V215230","2016/08/08 04:49:00","2","5","1","-99","-99","S","-99"
"65000V215230","2016/08/08 04:49:00","2","4","1","-99","-99","L","-99"
"65000V215230","2016/08/08 04:49:00","2","4","1","-99","-99","S","-99"
"65000V215230","2016/08/08 04:49:00","2","3","1","-99","-99","L","-99"
"65000V215230","2016/08/08 04:49:00","2","3","1","-99","-99","S","-99"
"65000V222570","2016/08/08 04:49:00","0","0","0","0","0","L","0"
"65000V222570","2016/08/08 04:49:00","0","0","0","0","0","S","0"
"65000V222570","2016/08/08 04:49:00","0","1","1","0","0","L","0"
"65000V222570","2016/08/08 04:49:00","0","1","1","0","0","S","0"
"65000V314420","2016/08/08 04:49:00","0","0","0","0","0","L","0"
"65000V314420","2016/08/08 04:49:00","0","0","0","0","0","S","0"
"65000V314420","2016/08/08 04:49:00","0","1","1","0","0","L","0"
"65000V314420","2016/08/08 04:49:00","0","1","1","0","0","S","0"
"65000VT01160","2016/08/08 04:49:00","3","2","0","-99","-99","L","-99"
"65000VT01160","2016/08/08 04:49:00","3","2","0","-99","-99","S","-99"
"65000VT01160","2016/08/08 04:49:00","3","1","0","-99","-99","L","-99"
"65000VT01160","2016/08/08 04:49:00","3","1","0","-99","-99","S","-99"
"65000VT01160","2016/08/08 04:49:00","3","0","0","-99","-99","L","-99"
"65000VT01160","2016/08/08 04:49:00","3","0","0","-99","-99","S","-99"
"65000VT01220","2016/08/08 04:49:00","0","2","0","0","0","L","0"
"65000VT01220","2016/08/08 04:49:00","0","2","0","0","0","S","0"
"65000VT01220","2016/08/08 04:49:00","0","0","0","0","0","L","0"
"65000VT01220","2016/08/08 04:49:00","0","0","0","0","0","S","0"
"65000VT01220","2016/08/08 04:49:00","0","1","0","55","2","L","1"
"65000VT01220","2016/08/08 04:49:00","0","1","0","55","2","S","1"
"65000VT01420","2016/08/08 04:49:00","0","0","0","65","1","L","0"
"65000VT01420","2016/08/08 04:49:00","0","0","0","65","1","S","3"
"65000VT01420","2016/08/08 04:49:00","0","1","0","73","1","L","0"
"65000VT01420","2016/08/08 04:49:00","0","1","0","73","1","S","2"
"65000VT01420","2016/08/08 04:49:00","0","3","1","0","0","L","0"
"65000VT01420","2016/08/08 04:49:00","0","3","1","0","0","S","0"
"65000VT01420","2016/08/08 04:49:00","0","2","1","0","0","L","0"
"65000VT01420","2016/08/08 04:49:00","0","2","1","0","0","S","0"
"65000VT01570","2016/08/08 04:49:00","0","1","0","0","0","L","0"
"65000VT01570","2016/08/08 04:49:00","0","1","0","0","0","S","0"
"65000VT01570","2016/08/08 04:49:00","0","2","0","0","0","L","0"
"65000VT01570","2016/08/08 04:49:00","0","2","0","0","0","S","0"
"65000VT01570","2016/08/08 04:49:00","0","0","0","0","0","L","0"
"65000VT01570","2016/08/08 04:49:00","0","0","0","0","0","S","0"
"65000VT01570","2016/08/08 04:49:00","0","4","1","0","0","L","0"
"65000VT01570","2016/08/08 04:49:00","0","4","1","0","0","S","0"
"65000VT01570","2016/08/08 04:49:00","0","5","1","0","0","L","0"
"65000VT01570","2016/08/08 04:49:00","0","5","1","0","0","S","0"
"65000VT01570","2016/08/08 04:49:00","0","3","1","0","0","L","0"
"65000VT01570","2016/08/08 04:49:00","0","3","1","0","0","S","0"
"65000VT16040","2016/08/08 04:49:00","0","1","0","0","0","L","0"
"65000VT16040","2016/08/08 04:49:00","0","1","0","0","0","S","0"
"65000VT16040","2016/08/08 04:49:00","0","0","0","0","0","L","0"
"65000VT16040","2016/08/08 04:49:00","0","0","0","0","0","S","0"
"65000VT16170","2016/08/08 04:49:00","0","1","0","26","0","L","0"
"65000VT16170","2016/08/08 04:49:00","0","1","0","26","0","S","1"
"65000VT16170","2016/08/08 04:49:00","0","0","0","0","0","L","0"
"65000VT16170","2016/08/08 04:49:00","0","0","0","0","0","S","0"
"65000VT16230","2016/08/08 04:49:00","0","1","0","46","0","L","0"
"65000VT16230","2016/08/08 04:49:00","0","1","0","46","0","S","1"
"65000VT16230","2016/08/08 04:49:00","0","0","0","53","0","L","0"
"65000VT16230","2016/08/08 04:49:00","0","0","0","53","0","S","1"
"65000VT16310","2016/08/08 04:49:00","0","2","0","0","0","L","0"
"65000VT16310","2016/08/08 04:49:00","0","2","0","0","0","S","0"
"65000VT16310","2016/08/08 04:49:00","0","0","0","65","0","L","0"
"65000VT16310","2016/08/08 04:49:00","0","0","0","65","0","S","1"
"65000VT16310","2016/08/08 04:49:00","0","1","0","0","0","L","0"
"65000VT16310","2016/08/08 04:49:00","0","1","0","0","0","S","0"
"65000VT16310","2016/08/08 04:49:00","0","4","1","-99","-99","L","-99"
"65000VT16310","2016/08/08 04:49:00","0","4","1","-99","-99","S","-99"
"65000VT16310","2016/08/08 04:49:00","0","3","1","50","1","L","0"
"65000VT16310","2016/08/08 04:49:00","0","3","1","50","1","S","2"
"65000VT16510","2016/08/08 04:49:00","0","0","0","0","0","L","0"
"65000VT16510","2016/08/08 04:49:00","0","0","0","0","0","S","0"
"65000VT16510","2016/08/08 04:49:00","0","1","0","0","0","L","0"
"65000VT16510","2016/08/08 04:49:00","0","1","0","0","0","S","0"
"65000VT16510","2016/08/08 04:49:00","0","2","0","0","0","L","0"
"65000VT16510","2016/08/08 04:49:00","0","2","0","0","0","S","0"
"65000VT16510","2016/08/08 04:49:00","0","4","1","0","0","L","0"
"65000VT16510","2016/08/08 04:49:00","0","4","1","0","0","S","0"
"65000VT16510","2016/08/08 04:49:00","0","3","1","0","0","L","0"
"65000VT16510","2016/08/08 04:49:00","0","3","1","0","0","S","0"
"65000VT16900","2016/08/08 04:49:00","0","1","0","0","0","L","0"
"65000VT16900","2016/08/08 04:49:00","0","1","0","0","0","S","0"
"65000VT16900","2016/08/08 04:49:00","0","2","0","0","0","L","0"
"65000VT16900","2016/08/08 04:49:00","0","2","0","0","0","S","0"
"65000VT16900","2016/08/08 04:49:00","0","0","0","65","1","L","0"
"65000VT16900","2016/08/08 04:49:00","0","0","0","65","1","S","1"
"65000VT16900","2016/08/08 04:49:00","0","4","1","0","0","L","0"
"65000VT16900","2016/08/08 04:49:00","0","4","1","0","0","S","0"
"65000VT16900","2016/08/08 04:49:00","0","3","1","0","0","L","0"
"65000VT16900","2016/08/08 04:49:00","0","3","1","0","0","S","0"
"65000VT17100","2016/08/08 04:49:00","3","0","0","-99","-99","L","-99"
"65000VT17100","2016/08/08 04:49:00","3","0","0","-99","-99","S","-99"
"65000VT17100","2016/08/08 04:49:00","3","1","0","-99","-99","L","-99"
"65000VT17100","2016/08/08 04:49:00","3","1","0","-99","-99","S","-99"
"65000VT17100","2016/08/08 04:49:00","3","3","1","-99","-99","L","-99"
"65000VT17100","2016/08/08 04:49:00","3","3","1","-99","-99","S","-99"
"65000VT17100","2016/08/08 04:49:00","3","2","1","-99","-99","L","-99"
"65000VT17100","2016/08/08 04:49:00","3","2","1","-99","-99","S","-99"
"65000VT17300","2016/08/08 04:49:00","0","0","0","0","0","L","0"
"65000VT17300","2016/08/08 04:49:00","0","0","0","0","0","S","0"
"65000VT17300","2016/08/08 04:49:00","0","1","0","76","1","L","0"
"65000VT17300","2016/08/08 04:49:00","0","1","0","76","1","S","2"
"65000VT17300","2016/08/08 04:49:00","0","3","1","0","0","L","0"
"65000VT17300","2016/08/08 04:49:00","0","3","1","0","0","S","0"
"65000VT17300","2016/08/08 04:49:00","0","2","1","0","0","L","0"
"65000VT17300","2016/08/08 04:49:00","0","2","1","0","0","S","0"
"65000VT17440","2016/08/08 04:49:00","0","0","0","-99","-99","L","-99"
"65000VT17440","2016/08/08 04:49:00","0","0","0","-99","-99","S","-99"
"65000VT17440","2016/08/08 04:49:00","0","1","0","-99","-99","L","-99"
"65000VT17440","2016/08/08 04:49:00","0","1","0","-99","-99","S","-99"
"65000VT20210","2016/08/08 04:49:00","3","0","0","-99","-99","L","-99"
"65000VT20210","2016/08/08 04:49:00","3","0","0","-99","-99","S","-99"
"65000VT20210","2016/08/08 04:49:00","3","1","0","-99","-99","L","-99"
"65000VT20210","2016/08/08 04:49:00","3","1","0","-99","-99","S","-99"
"65000VT34500","2016/08/08 04:49:00","3","1","0","-99","-99","L","-99"
"65000VT34500","2016/08/08 04:49:00","3","1","0","-99","-99","S","-99"
"65000VT34500","2016/08/08 04:49:00","3","0","0","-99","-99","L","-99"
"65000VT34500","2016/08/08 04:49:00","3","0","0","-99","-99","S","-99"
"65000VT64320","2016/08/08 04:49:00","0","0","0","0","0","L","0"
"65000VT64320","2016/08/08 04:49:00","0","0","0","0","0","S","0"
"65000VT64320","2016/08/08 04:49:00","0","1","0","0","0","L","0"
"65000VT64320","2016/08/08 04:49:00","0","1","0","0","0","S","0"
"65000VT64320","2016/08/08 04:49:00","0","3","1","0","0","L","0"
"65000VT64320","2016/08/08 04:49:00","0","3","1","0","0","S","0"
"65000VT64320","2016/08/08 04:49:00","0","2","1","0","0","L","0"
"65000VT64320","2016/08/08 04:49:00","0","2","1","0","0","S","0"
"65000VT64500","2016/08/08 04:49:00","0","1","0","70","0","L","0"
"65000VT64500","2016/08/08 04:49:00","0","1","0","70","0","S","1"
"65000VT64500","2016/08/08 04:49:00","0","0","0","68","1","L","0"
"65000VT64500","2016/08/08 04:49:00","0","0","0","68","1","S","2"
"65000VT64500","2016/08/08 04:49:00","0","2","1","64","0","L","0"
"65000VT64500","2016/08/08 04:49:00","0","2","1","64","0","S","1"
"65000VT64500","2016/08/08 04:49:00","0","3","1","0","0","L","0"
"65000VT64500","2016/08/08 04:49:00","0","3","1","0","0","S","0"
